\begin{tabular}{rrrrrrrrr}
\toprule
Question answering & Information retrieval & Summarization & Translation & Text classification & Image classification & Image generation & Video classification & Video generation \\
\midrule
1.00 & 0.98 & 0.96 & 0.96 & 0.98 & 0.89 & 0.87 & 0.89 & 0.89 \\
0.98 & 1.00 & 0.97 & 0.97 & 0.98 & 0.91 & 0.91 & 0.91 & 0.91 \\
0.96 & 0.97 & 1.00 & 0.95 & 0.96 & 0.91 & 0.91 & 0.91 & 0.91 \\
0.96 & 0.97 & 0.95 & 1.00 & 0.97 & 0.89 & 0.90 & 0.91 & 0.89 \\
0.98 & 0.98 & 0.96 & 0.97 & 1.00 & 0.87 & 0.87 & 0.87 & 0.87 \\
0.89 & 0.91 & 0.91 & 0.89 & 0.87 & 1.00 & 0.95 & 0.96 & 0.96 \\
0.87 & 0.91 & 0.91 & 0.90 & 0.87 & 0.95 & 1.00 & 0.95 & 0.94 \\
0.89 & 0.91 & 0.91 & 0.91 & 0.87 & 0.96 & 0.95 & 1.00 & 0.96 \\
0.89 & 0.91 & 0.91 & 0.89 & 0.87 & 0.96 & 0.94 & 0.96 & 1.00 \\
\bottomrule
\end{tabular}
