\begin{tabular}{rrrrrrrrr}
\toprule
Question answering & Information retrieval & Summarization & Translation & Text classification & Image classification & Image generation & Video classification & Video generation \\
\midrule
1.000 & 0.982 & 0.962 & 0.959 & 0.980 & 0.890 & 0.875 & 0.889 & 0.895 \\
0.982 & 1.000 & 0.970 & 0.967 & 0.979 & 0.908 & 0.905 & 0.914 & 0.910 \\
0.962 & 0.970 & 1.000 & 0.954 & 0.958 & 0.909 & 0.912 & 0.911 & 0.909 \\
0.959 & 0.967 & 0.954 & 1.000 & 0.966 & 0.886 & 0.898 & 0.906 & 0.894 \\
0.980 & 0.979 & 0.958 & 0.966 & 1.000 & 0.872 & 0.873 & 0.872 & 0.870 \\
0.890 & 0.908 & 0.909 & 0.886 & 0.872 & 1.000 & 0.955 & 0.959 & 0.955 \\
0.875 & 0.905 & 0.912 & 0.898 & 0.873 & 0.955 & 1.000 & 0.950 & 0.940 \\
0.889 & 0.914 & 0.911 & 0.906 & 0.872 & 0.959 & 0.950 & 1.000 & 0.960 \\
0.895 & 0.910 & 0.909 & 0.894 & 0.870 & 0.955 & 0.940 & 0.960 & 1.000 \\
\bottomrule
\end{tabular}
